#Propagation radio[Km]
urbana850 <- 0.5
rural850 <- 3.0
urbana1900 <- 0.4
rural1900 <- 2.0
urbanaAWS <- 1.05
ruralAWS <- 3.23
