#Propagation radio[Km]
urbana850 <- 0.98
rural850 <- 5.0
urbana1900 <- 1.18
rural1900 <- 3.15
urbanaAWS <- 1.05   # 1700 Mhz
ruralAWS <- 3.23
urbana700 <- 0.98
rural700 <- 5.39
